x .

,111 66661161166111161111. ¹

y qm 1611116661 11611611. 11116 1111161661 6611611111 1111611161 u
¹ , in 6666166161161616111116161116111116. 1111111.
Summum. 111 16161111 quibusdan, 1161111661. 166 66166161.

11166111 111661 61616116. 11661 61 Δ. 6611161 6116166 1111161661 1. 111.

’ 61161. Est 1111661 1116111111 1166 1666, reliquum 6116 61 6111611. 61 111 m·

1611· Nabdalsam 66 exequi 16111616, quibus 1611 lugunt· 6166111 666661·

116661 nem 666 661161. 111 1166 1166166116 616616 1666116661 atim.

11111111. - 116616611116. X. 61111111 1116611 11 Amphio-¹⁸³ filit, μ

ex 11611111 nuper-verat. 111166 61166666616 616 1161611611 16111161, 61111

1116611111 Apollinis 66611116 611111. superabundaverant ’616116 1. Nm

611. 11111 1111111161 16661116 qm profundunt 116. 616 1116111111, elegum.

116111. 111. 16. 71116111 concordia 11111 61616616166111,16111111111ι66116·

111161 111111 111 euergentt& 116111. 61 11. Comitia 1111116111616 11111

,6111111111 111 611116111,6111111611111161111111666161. 11116161 Μ611111. 1. 2..1

At 111611 1666111 6611116 61111111 6111611 16111111. virg. Georg. 111. 8.

Ι81“111661161]“611111 661111116116116 6161111111.
0116. Μ11661. vu. 1⁰3.
1166616 11611 11111111, 1661161 611111 1111111 111 luen.
1 ΗΜ. V· 2·
. -· miniamque 1116 111 ,1111111111 66111111 »
111611. 111111 6611161 6116116661ὼί1, 1111.
166111. ’ s*
11111111αό111 1111111 6111111111 16661616 11111111 111.
1116.61616.111.62. , , 1
, 11111116 166616161161661 1111111 16116 1111111111.
616. 116 Attio. 1111161116 delegabo 11 qnid 6111 11116 11111116 1116111111
11 1111661611. Iden 66 1116. 111 16 6161116111 1666111, 61111 6161111611
6611161. 6611161122. 616 6111161111. 61 codex 161611. 11116661 6611611
1161111111. 1111666161 161111 1116661111. 1161166. 1111. 11. 11. 6. 616 111111
1116111· Β. civ. 11. 111. 6111666 616 6161611111 6161166111. 16166166. 1111.
1.. 1. ’111. xxm. 1. 4. 116661 Δ16111. 666. 167. 1111111 116111 ac 11 mi·
11161, nee 61611 16111161, qum 11111111 1611611111 persen-et 1111116111. cmx
11116. 6161161161, 1116111161. 1666166166661 1166161161. Vaut.

Ex 66611616661116161661161111111. Quae 111 16116666 1161
mitigare 61 11 61111616 16 6166111666 16166116 6611611161. 66161661 uuis
11111111 perfidia mitigari 661111, 611611611 Q. 6611. 1111, ΠΙ. ubi 66 661·
1616666 verb· 11611, qui, 16161 6111611 1611666 6161616116 1166611 enlm·
116116, 16 6111 6616161661 1661ρί11161. 6661161 111616, 6666611611 eiu·

’ modi 6661611116 1661616 6116616661 ob 1616111 6611111116 161666161, poeni·

· 16611161 1616 6611111111 ,111116 616 v. 6. 1616 66116661 66616116 111-

1111. 11611661Ι 61 Epium 16166161, 6111 6161111616611161 Aleia-³1³,

661 161661 16161 6661616161 1166161161, 1666616 16611161, 16116161 ¹⁸5¹

6616161 661 fratrem-Eurylochum 6611611. 8161111661 11 1111161111 exempl*

,6486611161 6666116111. 11111111. υ- Auia 6611111611 6161166161* pamm*
’616 1116661611611.4 (1161611.’

161666 1111161661 66611661 6111 1111111111 1616611661 611111,
611 111 16161611, tx 11111611 {mu 11161111. 61611 11616111111

 

